111111111111111110000000000000000000000
111111111111111110000000000000000000000
111111111111111110000000000000000000000
111111111111111110000000000000000000000
111111111111111110000000000000000000000
111111111111111111111111011111111111110
111111111111111111111111011111111111110
111111111111111111111111011111111111110
000000011111111111111111011111111111110
000000011111111111111111011111111111110
000000011111111111111111011111111111110
000000011111111111111111011111111111110
000000011111111111111111011111111111110
000000011111111111111111011111111111110
000000011111111111111111000001111000000
111111111111111111111111111011111100000
111111111111111111111111111011111100000
111111111111111111111111111011111100000
111111111111111111111111111011111100000
111111111111111111111111111011111100000
111111111111111111111111111011111100000
111111111111111110000000000011111100000
111111111111111110111111111111111111111
111111111111111111111111111111111111111
111111111111111111111111111111111111111
111111111111111111111111111111111111111
111111111111111111111111111111111111111
111111111111111110111111111111111111111
111111111111111110111111111111111111111
111111111111111110111111111111111111111
111111111111111110111111111111111111111
111111111111111110111111111111111111111
111111111111111110111111111111111111111
111111111111111110111111111111111111111
111111111111111110111111111111111111111
111111111111111110111111111111111111111
111111111111111110111111111111111111111
111111111111111110111111111111111111111
111111111111111110111111111111111111111
111111111111111110111111111111111111111
