00000000000000011000000000
00000000000000011000000000
00000011110011111111111000
00000011110011111111111000
00000011111111111111111000
00000011111111111111111000
00000011111111111111111000
00000001111111111111111000
00000001111000011111111000
00000001111000011111111111
00000001111111111111111111
00000001111111111111111111
00000001111111111111111111
00000001111111111111111111
00000001111111111111111111
11111111111111111111111111
11111111111111111111111111
11111111111111111111111111
11111111111111111111111111
11111111111111111111111111
11000001111111111111111111
11000001111111111111111111
11000001111111111111111111
